0.00000000000 0.00000000000 6119.00000000000
1.00000000000 1.00000000000 1932.00000000000
2.00000000000 1.00000000000 1369112040.00000000000
3.00000000000 0.00000000000 0.00000000000
4.00000000000 1.00000000000 8.00000000000
5.00000000000 2.00000000000 533115665.00000000000
6.00000000000 0.00000000000 255.00000000000
7.00000000000 2.00000000000 0.00000000000
8.00000000000 2.00000000000 615890563.00000000000
9.00000000000 0.00000000000 255.00000000000
10.00000000000 0.00000000000 2047.00000000000
11.00000000000 2.00000000000 2147483647.00000000000
12.00000000000 0.00000000000 2244222853.00000000000
13.00000000000 1.00000000000 1905307.00000000000
14.00000000000 1.00000000000 2147483647.00000000000
15.00000000000 0.00000000000 3357414336.00000000000
16.00000000000 1.00000000000 13.00000000000
17.00000000000 0.00000000000 2147483647.00000000000
18.00000000000 0.00000000000 28436.00000000000
19.00000000000 0.00000000000 2047.00000000000
20.00000000000 2.00000000000 2147483647.00000000000
21.00000000000 0.00000000000 41624.00000000000
22.00000000000 2.00000000000 0.00000000000
23.00000000000 0.00000000000 2147483647.00000000000
24.00000000000 0.00000000000 1957594750.00000000000
25.00000000000 0.00000000000 2047.00000000000
26.00000000000 0.00000000000 1563477048.00000000000
27.00000000000 0.00000000000 3931697530.00000000000
28.00000000000 0.00000000000 15.00000000000
29.00000000000 0.00000000000 2147483647.00000000000
