          0          0          1  318257127          0           0
          1          1          1 1182951324          0           0
          2          2          0 1369112040    4194304           1
          3          0          0 1215951616          0           0
          4          1          0 1488342520          0           0
          5          2          2  533115665      16384           2
          6          0          0 2215448982          0           0
          7          1          2 1810930967          0           0
          8          2          2  615890563     131072           2
          9          0          0 1047486543          0           0
         10          1          1 3246581911          0           0
         11          2          2 2211696414  268435456           2
         12          0          2 1304698757          0           0
         13          1          2  471668379          0           0
         14          2          1 3035060397         16           1
         15          0          2  605950912          0           0
         16          1          0 1925310092          0           0
         17          2          2 4071183240          0           0
         18          0          1 1969577748          0           0
         19          1          1 4058967313          0           0
         20          2          1 3132136776    2097152           2
         21          0          1  352707224          0           0
         22          1          0 1266936962          0           0
         23          2          0 3555675585          0           0
         24          0          2  883852926          0           0
         25          1          1 3912138041          0           0
         26          2          0 1563477048          0           0
         27          0          2  911798650          0           0
         28          1          0 3262304129          0           0
         29          2          2 3687978369          0           0
